101 C 1 0
103 C 1 0
105 C 1 0
107 C 1 0
109 C 1 0
111 C 1 1
113 C 1 0
115 C 1 0
117 C 1 0
119 C 1 0
121 C 1 0
123 C 1 0
125 C 1 0
127 C 1 0
129 C 1 0
131 C 1 0
133 C 1 0
135 C 1 0
137 C 1 0
139 C 1 0
141 C 1 0
143 C 1 0
145 C 1 0
147 C 1 1
149 C 1 0
151 C 1 0
153 C 1 1
155 C 1 1
157 C 1 0
159 C 1 0
161 C 1 0
163 C 1 0
165 C 1 0
167 C 1 1
169 C 1 0
171 C 1 0
173 C 1 1
175 C 1 0
177 C 1 0
179 C 1 0
181 C 1 0
183 C 1 0
185 C 1 0
187 C 1 1
189 C 1 0
191 C 1 1
193 C 1 0
195 C 1 0
197 C 1 0
199 C 1 1
101 C 2 0
103 C 2 0
105 C 2 1
107 C 2 1
109 C 2 0
111 C 2 1
113 C 2 1
115 C 2 1
117 C 2 1
119 C 2 1
121 C 2 1
123 C 2 0
125 C 2 1
127 C 2 1
129 C 2 1
131 C 2 1
133 C 2 0
135 C 2 0
137 C 2 1
139 C 2 1
141 C 2 1
143 C 2 0
145 C 2 0
147 C 2 1
149 C 2 1
151 C 2 1
153 C 2 0
155 C 2 0
157 C 2 0
159 C 2 1
161 C 2 1
163 C 2 0
165 C 2 1
167 C 2 1
169 C 2 1
171 C 2 1
173 C 2 1
175 C 2 0
177 C 2 1
179 C 2 0
181 C 2 1
183 C 2 1
185 C 2 0
187 C 2 1
189 C 2 1
191 C 2 1
193 C 2 1
195 C 2 0
197 C 2 1
199 C 2 1
101 C 3 0
103 C 3 0
105 C 3 0
107 C 3 0
109 C 3 0
111 C 3 0
113 C 3 0
115 C 3 0
117 C 3 1
119 C 3 0
121 C 3 1
123 C 3 0
125 C 3 1
127 C 3 1
129 C 3 1
131 C 3 0
133 C 3 0
135 C 3 1
137 C 3 0
139 C 3 0
141 C 3 0
143 C 3 1
145 C 3 0
147 C 3 0
149 C 3 0
151 C 3 0
153 C 3 1
155 C 3 0
157 C 3 1
159 C 3 1
161 C 3 0
163 C 3 1
165 C 3 1
167 C 3 0
169 C 3 0
171 C 3 1
173 C 3 1
175 C 3 0
177 C 3 1
179 C 3 0
181 C 3 1
183 C 3 0
185 C 3 0
187 C 3 1
189 C 3 1
191 C 3 0
193 C 3 1
195 C 3 0
197 C 3 0
199 C 3 0
101 C 4 0
103 C 4 1
105 C 4 1
107 C 4 1
109 C 4 1
111 C 4 1
113 C 4 1
115 C 4 1
117 C 4 1
119 C 4 1
121 C 4 1
123 C 4 1
125 C 4 1
127 C 4 1
129 C 4 1
131 C 4 1
133 C 4 1
135 C 4 1
137 C 4 1
139 C 4 1
141 C 4 1
143 C 4 1
145 C 4 1
147 C 4 1
149 C 4 1
151 C 4 1
153 C 4 1
155 C 4 1
157 C 4 1
159 C 4 1
161 C 4 1
163 C 4 1
165 C 4 1
167 C 4 1
169 C 4 1
171 C 4 1
173 C 4 1
175 C 4 1
177 C 4 1
179 C 4 1
181 C 4 1
183 C 4 1
185 C 4 1
187 C 4 1
189 C 4 1
191 C 4 1
193 C 4 1
195 C 4 1
197 C 4 1
199 C 4 1
101 C 5 1
103 C 5 0
105 C 5 1
107 C 5 1
109 C 5 1
111 C 5 1
113 C 5 1
115 C 5 1
117 C 5 1
119 C 5 1
121 C 5 1
123 C 5 1
125 C 5 0
127 C 5 1
129 C 5 1
131 C 5 1
133 C 5 1
135 C 5 1
137 C 5 1
139 C 5 1
141 C 5 1
143 C 5 1
145 C 5 1
147 C 5 1
149 C 5 1
151 C 5 1
153 C 5 0
155 C 5 0
157 C 5 1
159 C 5 1
161 C 5 1
163 C 5 1
165 C 5 1
167 C 5 1
169 C 5 1
171 C 5 1
173 C 5 1
175 C 5 1
177 C 5 1
179 C 5 1
181 C 5 1
183 C 5 1
185 C 5 1
187 C 5 1
189 C 5 1
191 C 5 1
193 C 5 1
195 C 5 1
197 C 5 1
199 C 5 1
101 C 6 1
103 C 6 0
105 C 6 1
107 C 6 1
109 C 6 1
111 C 6 1
113 C 6 1
115 C 6 1
117 C 6 1
119 C 6 1
121 C 6 1
123 C 6 1
125 C 6 0
127 C 6 1
129 C 6 0
131 C 6 0
133 C 6 1
135 C 6 1
137 C 6 1
139 C 6 1
141 C 6 1
143 C 6 1
145 C 6 1
147 C 6 1
149 C 6 1
151 C 6 1
153 C 6 1
155 C 6 1
157 C 6 1
159 C 6 0
161 C 6 1
163 C 6 1
165 C 6 0
167 C 6 1
169 C 6 1
171 C 6 1
173 C 6 1
175 C 6 1
177 C 6 1
179 C 6 0
181 C 6 1
183 C 6 1
185 C 6 1
187 C 6 1
189 C 6 0
191 C 6 0
193 C 6 1
195 C 6 0
197 C 6 1
199 C 6 1
101 C 7 0
103 C 7 0
105 C 7 1
107 C 7 1
109 C 7 1
111 C 7 1
113 C 7 1
115 C 7 1
117 C 7 1
119 C 7 1
121 C 7 1
123 C 7 1
125 C 7 0
127 C 7 1
129 C 7 1
131 C 7 0
133 C 7 1
135 C 7 1
137 C 7 1
139 C 7 0
141 C 7 1
143 C 7 1
145 C 7 1
147 C 7 1
149 C 7 1
151 C 7 1
153 C 7 0
155 C 7 1
157 C 7 1
159 C 7 1
161 C 7 1
163 C 7 1
165 C 7 1
167 C 7 1
169 C 7 1
171 C 7 1
173 C 7 1
175 C 7 1
177 C 7 1
179 C 7 1
181 C 7 1
183 C 7 1
185 C 7 1
187 C 7 1
189 C 7 0
191 C 7 1
193 C 7 1
195 C 7 0
197 C 7 1
199 C 7 1
101 C 8 1
103 C 8 0
105 C 8 1
107 C 8 1
109 C 8 1
111 C 8 1
113 C 8 0
115 C 8 1
117 C 8 0
119 C 8 1
121 C 8 0
123 C 8 1
125 C 8 1
127 C 8 1
129 C 8 1
131 C 8 1
133 C 8 1
135 C 8 1
137 C 8 1
139 C 8 1
141 C 8 1
143 C 8 1
145 C 8 1
147 C 8 1
149 C 8 1
151 C 8 0
153 C 8 0
155 C 8 1
157 C 8 1
159 C 8 1
161 C 8 0
163 C 8 1
165 C 8 1
167 C 8 1
169 C 8 1
171 C 8 1
173 C 8 1
175 C 8 0
177 C 8 1
179 C 8 0
181 C 8 1
183 C 8 1
185 C 8 1
187 C 8 1
189 C 8 1
191 C 8 1
193 C 8 1
195 C 8 1
197 C 8 1
199 C 8 0
101 C 9 1
103 C 9 1
105 C 9 1
107 C 9 1
109 C 9 1
111 C 9 1
113 C 9 1
115 C 9 1
117 C 9 1
119 C 9 1
121 C 9 1
123 C 9 1
125 C 9 1
127 C 9 1
129 C 9 1
131 C 9 1
133 C 9 1
135 C 9 1
137 C 9 1
139 C 9 1
141 C 9 1
143 C 9 1
145 C 9 1
147 C 9 1
149 C 9 1
151 C 9 1
153 C 9 1
155 C 9 1
157 C 9 1
159 C 9 1
161 C 9 1
163 C 9 1
165 C 9 1
167 C 9 1
169 C 9 1
171 C 9 1
173 C 9 1
175 C 9 1
177 C 9 1
179 C 9 1
181 C 9 1
183 C 9 1
185 C 9 1
187 C 9 1
189 C 9 1
