2 B 1 0
4 B 1 0
6 B 1 0
8 B 1 0
10 B 1 0
12 B 1 0
14 B 1 0
16 B 1 0
18 B 1 0
20 B 1 0
22 B 1 1
24 B 1 0
26 B 1 0
28 B 1 0
30 B 1 0
32 B 1 0
34 B 1 0
36 B 1 0
38 B 1 0
40 B 1 0
42 B 1 0
44 B 1 0
46 B 1 0
48 B 1 0
50 B 1 0
52 B 1 0
54 B 1 0
56 B 1 0
58 B 1 0
60 B 1 0
62 B 1 0
66 B 1 0
68 B 1 1
70 B 1 0
72 B 1 0
74 B 1 0
76 B 1 0
78 B 1 0
80 B 1 0
82 B 1 0
84 B 1 0
86 B 1 0
88 B 1 0
90 B 1 0
92 B 1 1
94 B 1 0
96 B 1 0
98 B 1 0
100 B 1 0
2 B 2 1
4 B 2 0
6 B 2 1
8 B 2 0
10 B 2 1
12 B 2 1
14 B 2 0
16 B 2 0
18 B 2 0
20 B 2 1
22 B 2 0
24 B 2 0
26 B 2 0
28 B 2 1
30 B 2 1
32 B 2 0
34 B 2 0
36 B 2 0
38 B 2 0
40 B 2 0
42 B 2 1
44 B 2 0
46 B 2 1
48 B 2 1
50 B 2 0
52 B 2 0
54 B 2 1
56 B 2 1
58 B 2 0
60 B 2 1
62 B 2 0
66 B 2 0
68 B 2 0
70 B 2 0
72 B 2 0
74 B 2 0
76 B 2 1
78 B 2 0
80 B 2 1
82 B 2 1
84 B 2 0
86 B 2 0
88 B 2 0
90 B 2 0
92 B 2 1
94 B 2 0
96 B 2 0
98 B 2 0
100 B 2 1
2 B 3 1
4 B 3 1
6 B 3 0
8 B 3 1
10 B 3 1
12 B 3 1
14 B 3 1
16 B 3 1
18 B 3 1
20 B 3 1
22 B 3 1
24 B 3 1
26 B 3 1
28 B 3 1
30 B 3 1
32 B 3 0
34 B 3 1
36 B 3 1
38 B 3 1
40 B 3 0
42 B 3 1
44 B 3 1
46 B 3 1
48 B 3 1
50 B 3 1
52 B 3 1
54 B 3 1
56 B 3 1
58 B 3 1
60 B 3 0
62 B 3 1
66 B 3 0
68 B 3 1
70 B 3 1
72 B 3 0
74 B 3 1
76 B 3 1
78 B 3 0
80 B 3 1
82 B 3 1
84 B 3 1
86 B 3 1
88 B 3 1
90 B 3 1
92 B 3 1
94 B 3 1
96 B 3 1
98 B 3 0
100 B 3 1
2 B 4 1
4 B 4 1
6 B 4 1
8 B 4 1
10 B 4 1
12 B 4 1
14 B 4 1
16 B 4 1
18 B 4 1
20 B 4 1
22 B 4 1
24 B 4 1
26 B 4 1
28 B 4 1
30 B 4 1
32 B 4 1
34 B 4 1
36 B 4 1
38 B 4 1
40 B 4 1
42 B 4 1
44 B 4 1
46 B 4 1
48 B 4 1
50 B 4 1
52 B 4 1
54 B 4 1
56 B 4 1
58 B 4 1
60 B 4 1
62 B 4 1
66 B 4 1
68 B 4 1
70 B 4 1
72 B 4 1
74 B 4 1
76 B 4 1
78 B 4 1
80 B 4 1
82 B 4 1
84 B 4 1
86 B 4 1
88 B 4 1
90 B 4 1
92 B 4 1
94 B 4 1
96 B 4 1
98 B 4 1
100 B 4 1
2 B 5 1
4 B 5 1
6 B 5 1
8 B 5 1
10 B 5 1
12 B 5 0
14 B 5 1
16 B 5 1
18 B 5 1
20 B 5 0
22 B 5 0
24 B 5 0
26 B 5 0
28 B 5 0
30 B 5 1
32 B 5 0
34 B 5 1
36 B 5 1
38 B 5 0
40 B 5 1
42 B 5 1
44 B 5 1
46 B 5 1
48 B 5 0
50 B 5 0
52 B 5 0
54 B 5 1
56 B 5 0
58 B 5 0
60 B 5 0
62 B 5 1
66 B 5 1
68 B 5 0
70 B 5 0
72 B 5 0
74 B 5 1
76 B 5 0
78 B 5 0
80 B 5 1
82 B 5 1
84 B 5 0
86 B 5 1
88 B 5 0
90 B 5 0
92 B 5 1
94 B 5 0
96 B 5 1
98 B 5 0
100 B 5 1
2 B 6 1
4 B 6 1
6 B 6 1
8 B 6 1
10 B 6 0
12 B 6 1
14 B 6 1
16 B 6 0
18 B 6 1
20 B 6 1
22 B 6 0
24 B 6 0
26 B 6 1
28 B 6 1
30 B 6 0
32 B 6 1
34 B 6 1
36 B 6 1
38 B 6 1
40 B 6 0
42 B 6 1
44 B 6 0
46 B 6 0
48 B 6 1
50 B 6 0
52 B 6 1
54 B 6 1
56 B 6 1
58 B 6 0
60 B 6 1
62 B 6 1
66 B 6 1
68 B 6 1
70 B 6 1
72 B 6 1
74 B 6 1
76 B 6 1
78 B 6 1
80 B 6 1
82 B 6 1
84 B 6 1
86 B 6 1
88 B 6 0
90 B 6 0
92 B 6 1
94 B 6 1
96 B 6 1
98 B 6 0
100 B 6 1
2 B 7 0
4 B 7 1
6 B 7 1
8 B 7 0
10 B 7 0
12 B 7 1
14 B 7 1
16 B 7 0
18 B 7 0
20 B 7 0
22 B 7 0
24 B 7 0
26 B 7 1
28 B 7 0
30 B 7 1
32 B 7 0
34 B 7 0
36 B 7 1
38 B 7 0
40 B 7 0
42 B 7 0
44 B 7 0
46 B 7 1
48 B 7 1
50 B 7 0
52 B 7 1
54 B 7 0
56 B 7 0
58 B 7 0
60 B 7 1
62 B 7 0
66 B 7 0
68 B 7 0
70 B 7 0
72 B 7 0
74 B 7 1
76 B 7 1
78 B 7 1
80 B 7 0
82 B 7 1
84 B 7 0
86 B 7 0
88 B 7 1
90 B 7 0
92 B 7 1
94 B 7 0
96 B 7 0
98 B 7 0
100 B 7 1
2 B 8 1
4 B 8 0
6 B 8 1
8 B 8 1
10 B 8 1
12 B 8 1
14 B 8 0
16 B 8 1
18 B 8 1
20 B 8 0
22 B 8 0
24 B 8 1
26 B 8 0
28 B 8 0
30 B 8 1
32 B 8 1
34 B 8 1
36 B 8 1
38 B 8 0
40 B 8 1
42 B 8 1
44 B 8 0
46 B 8 1
48 B 8 1
50 B 8 1
52 B 8 1
54 B 8 1
56 B 8 1
58 B 8 0
60 B 8 1
62 B 8 0
66 B 8 0
68 B 8 1
70 B 8 1
72 B 8 0
74 B 8 1
76 B 8 1
78 B 8 1
80 B 8 0
82 B 8 0
84 B 8 1
86 B 8 0
88 B 8 0
90 B 8 1
92 B 8 1
94 B 8 1
96 B 8 1
98 B 8 1
100 B 8 1
2 B 9 1
4 B 9 1
6 B 9 1
8 B 9 1
10 B 9 1
12 B 9 0
14 B 9 0
16 B 9 0
18 B 9 1
20 B 9 1
22 B 9 1
24 B 9 1
26 B 9 1
28 B 9 0
30 B 9 1
32 B 9 0
34 B 9 1
36 B 9 1
38 B 9 0
40 B 9 0
42 B 9 0
44 B 9 0
46 B 9 1
48 B 9 1
50 B 9 1
52 B 9 0
54 B 9 1
56 B 9 0
58 B 9 1
60 B 9 1
62 B 9 1
66 B 9 0
68 B 9 1
70 B 9 1
72 B 9 1
74 B 9 1
76 B 9 1
78 B 9 1
80 B 9 0
82 B 9 1
84 B 9 1
86 B 9 0
88 B 9 1
90 B 9 0
92 B 9 1
94 B 9 0
96 B 9 1
98 B 9 0
100 B 9 0
2 B 10 1
4 B 10 1
6 B 10 1
